29 rows. 24 columns. 
0  0  0  0  0  0  *Eleanor_Peacock 1  0  0  0  0  0  1  0  0  0  0  0  0  *Victor_Plum 1  0  0
0  0  0  0  0  0  1  1  0  0  0  0  0  1  0  0  0  0  0  0  1  1  0  0
0  0  0  0  0  0  1  1  0  0  0  0  0  THEATER 0  0  0  0  0  0  1  1  0  0
0  0  0  0  0  0  1  1  0  0  0  0  0  1  0  0  0  0  0  0  1  1  0  0
0  0  0  0  0  0  1  1  0  0  0  0  0  1  0  0  0  0  0  0  1  1  0  0
0  0  0  0  0  0  1  1  0  0  0  0  0  LIVING_ROOM 0  0  0  0  0  0  1  1  0  0
0  0  0  0  0  SPA 1  1  0  0  0  0  0  1  0  0  0  0  0  0  1  1  0  0
0  0  0  0  0  1  1  1  0  0  0  0  0  1  0  0  0  0  0  0  1  1  0  0
1  1  1  1  1  1  1  1  1  1  THEATER 1  1  1  1  0  0  0  1  1  1  OBSERVATORY 0  0
*Jacob_Green 1  1  1  1  1  1  1  1  1  1  1  1  1  1  1  LIVING_ROOM 1  1  1  1  1  1  1
0  0  0  0  1  1  1  1  1  1  1  1  1  1  SWIMMING_POOL  1  1  1  1  1  1  1  HALL 1
0  0  0  0  0  0  0  0  1  1  0  0  0  0  0  0  0  0  1  0  0  0  0  0
0  0  0  0  0  0  0  0  1  1  0  0  0  0  0  0  0  0  1  0  0  0  0  0
0  0  0  0  0  0  0  0  PATIO 1  0  0  0  0  0  0  0  0  HALL 0  0  0  0  0
0  0  0  0  0  0  0  0  PATIO 1  0  0  0  0  0  0  0  0  HALL 0  0  0  0  0
0  0  0  0  0  0  0  0  PATIO 1  0  0  0  0  0  0  0  0  1  0  0  0  0  0
0  0  0  0  0  0  0  0  1  1  0  0  0  0  0  0  0  0  1  0  0  0  0  0
0  0  0  0  0  0  0  0  1  1  SWIMMING_POOL  1  1  1  1  1  1  SWIMMING_POOL  1  0  0  0  0  0
0  0  0  0  1  1  1  1  1  1  1  1  DINING_ROOM 1  1  1  1  1  1  1  1  1  1  1
*Diane_White 1  1  1  1  1  1  1  1  1  0  0  0  0  0  0  1  1  1  1  1  1  1  1
1  1  1  1  1  1  1  1  1  1  0  0  0  0  0  0  1  1  1  1  GUEST_HOUSE 0  0  0
0  0  0  0  0  0  KITCHEN 1  1  1  0  0  0  0  0  0  DINING_ROOM 1  1  1  0  0  0  0
0  0  0  0  0  0  0  1  1  1  0  0  0  0  0  0  1  1  1  1  0  0  0  0
0  0  0  0  0  0  0  1  1  0  0  0  0  0  0  0  0  1  1  1  0  0  0  0
0  0  0  0  0  0  0  1  1  0  0  0  0  0  0  0  0  1  1  1  0  0  0  0
0  0  0  0  0  0  0  1  1  0  0  0  0  0  0  0  0  1  1  1  0  0  0  0
0  0  0  0  0  0  0  1  1  0  0  0  0  0  0  0  0  1  1  1  0  0  0  0
0  0  0  0  0  0  0  1  1  0  0  0  0  0  0  0  0  1  1  1  0  0  0  0
0  0  0  0  0  0  0  *Jack_Mustard 1  0  0  0  0  0  0  0  0  1  *Kasandra_Scarlett 1  0  0  0  0
